2500
1250
3750
625
3125
312
2812
156
2656
78
2578
39
2539
19
2519
9
2509
4
2504
2
2502
1
2501
1251
3751
1252
3752
626
3126
1876
4376
1254
3754
627
3127
313
2813
1563
4063
1877
4377
938
3438
2188
4688
1259
3759
629
3129
314
2814
157
2657
1407
3907
1564
4064
782
3282
2032
4532
1879
4379
939
3439
469
2969
1719
4219
2189
4689
1094
3594
2344
4844
1269
3769
634
3134
317
2817
158
2658
79
2579
1329
3829
1408
3908
704
3204
1954
4454
1567
4067
783
3283
391
2891
1641
4141
2033
4533
1016
3516
2266
4766
1884
4384
942
3442
471
2971
235
2735
1485
3985
1721
4221
860
3360
2110
4610
2192
4692
1096
3596
548
3048
1798
4298
2346
4846
1173
3673
2423
4923
1289
3789
644
3144
322
2822
161
2661
80
2580
40
2540
1290
3790
1330
3830
665
3165
1915
4415
1411
3911
705
3205
352
2852
1602
4102
1955
4455
977
3477
2227
4727
1572
4072
786
3286
393
2893
196
2696
1446
3946
1643
4143
821
3321
2071
4571
2036
4536
1018
3518
509
3009
1759
4259
2268
4768
1134
3634
2384
4884
1894
4394
947
3447
473
2973
236
2736
118
2618
1368
3868
1486
3986
743
3243
1993
4493
1723
4223
861
3361
430
2930
1680
4180
2111
4611
1055
3555
2305
4805
2197
4697
1098
3598
549
3049
274
2774
1524
4024
1799
4299
899
3399
2149
4649
2348
4848
1174
3674
587
3087
1837
4337
2424
4924
1212
3712
2462
4962
1328
3828
664
3164
332
2832
166
2666
83
2583
41
2541
20
2520
1270
3770
1291
3791
645
3145
1895
4395
1333
3833
666
3166
333
2833
1583
4083
1916
4416
958
3458
2208
4708
1416
3916
708
3208
354
2854
177
2677
1427
3927
1604
4104
802
3302
2052
4552
1958
4458
979
3479
489
2989
1739
4239
2229
4729
1114
3614
2364
4864
1582
4082
791
3291
395
2895
197
2697
98
2598
1348
3848
1447
3947
723
3223
1973
4473
1645
4145
822
3322
411
2911
1661
4161
2072
4572
1036
3536
2286
4786
2041
4541
1020
3520
510
3010
255
2755
1505
4005
1760
4260
880
3380
2130
4630
2270
4770
1135
3635
567
3067
1817
4317
2385
4885
1192
3692
2442
4942
1914
4414
957
3457
478
2978
239
2739
119
2619
59
2559
1309
3809
1369
3869
684
3184
1934
4434
1489
3989
744
3244
372
2872
1622
4122
1994
4494
997
3497
2247
4747
1728
4228
864
3364
432
2932
216
2716
1466
3966
1682
4182
841
3341
2091
4591
2114
4614
1057
3557
528
3028
1778
4278
2307
4807
1153
3653
2403
4903
2207
4707
1103
3603
551
3051
275
2775
137
2637
1387
3887
1525
4025
762
3262
2012
4512
1801
4301
900
3400
450
2950
1700
4200
2150
4650
1075
3575
2325
4825
2353
4853
1176
3676
588
3088
294
2794
1544
4044
1838
4338
919
3419
2169
4669
2426
4926
1213
3713
606
3106
1856
4356
2463
4963
1231
3731
2481
4981
1406
3906
703
3203
351
2851
175
2675
87
2587
43
2543
21
2521
10
2510
1260
3760
1271
3771
635
3135
1885
4385
1293
3793
646
3146
323
2823
1573
4073
1896
4396
948
3448
2198
4698
1337
3837
668
3168
334
2834
167
2667
1417
3917
1584
4084
792
3292
2042
4542
1918
4418
959
3459
479
2979
1729
4229
2209
4709
1104
3604
2354
4854
1425
3925
712
3212
356
2856
178
2678
89
2589
1339
3839
1428
3928
714
3214
1964
4464
1606
4106
803
3303
401
2901
1651
4151
2053
4553
1026
3526
2276
4776
1962
4462
981
3481
490
2990
245
2745
1495
3995
1740
4240
870
3370
2120
4620
2231
4731
1115
3615
557
3057
1807
4307
2365
4865
1182
3682
2432
4932
1601
4101
800
3300
400
2900
200
2700
100
2600
50
2550
1300
3800
1350
3850
675
3175
1925
4425
1450
3950
725
3225
362
2862
1612
4112
1975
4475
987
3487
2237
4737
1650
4150
825
3325
412
2912
206
2706
1456
3956
1662
4162
831
3331
2081
4581
2075
4575
1037
3537
518
3018
1768
4268
2287
4787
1143
3643
2393
4893
2050
4550
1025
3525
512
3012
256
2756
128
2628
1378
3878
1506
4006
753
3253
2003
4503
1762
4262
881
3381
440
2940
1690
4190
2131
4631
1065
3565
2315
4815
2275
4775
1137
3637
568
3068
284
2784
1534
4034
1818
4318
909
3409
2159
4659
2387
4887
1193
3693
596
3096
1846
4346
2443
4943
1221
3721
2471
4971
1953
4453
976
3476
488
2988
244
2744
122
2622
61
2561
30
2530
1280
3780
1311
3811
655
3155
1905
4405
1372
3872
686
3186
343
2843
1593
4093
1936
4436
968
3468
2218
4718
1494
3994
747
3247
373
2873
186
2686
1436
3936
1623
4123
811
3311
2061
4561
1997
4497
998
3498
499
2999
1749
4249
2248
4748
1124
3624
2374
4874
1738
4238
869
3369
434
2934
217
2717
108
2608
1358
3858
1467
3967
733
3233
1983
4483
1684
4184
842
3342
421
2921
1671
4171
2092
4592
1046
3546
2296
4796
2119
4619
1059
3559
529
3029
264
2764
1514
4014
1779
4279
889
3389
2139
4639
2309
4809
1154
3654
577
3077
1827
4327
2404
4904
1202
3702
2452
4952
2226
4726
1113
3613
556
3056
278
2778
139
2639
69
2569
1319
3819
1389
3889
694
3194
1944
4444
1528
4028
764
3264
382
2882
1632
4132
2014
4514
1007
3507
2257
4757
1806
4306
903
3403
451
2951
225
2725
1475
3975
1701
4201
850
3350
2100
4600
2153
4653
1076
3576
538
3038
1788
4288
2326
4826
1163
3663
2413
4913
2363
4863
1181
3681
590
3090
295
2795
147
2647
1397
3897
1545
4045
772
3272
2022
4522
1840
4340
920
3420
460
2960
1710
4210
2170
4670
1085
3585
2335
4835
2431
4931
1215
3715
607
3107
303
2803
1553
4053
1857
4357
928
3428
2178
4678
2465
4965
1232
3732
616
3116
1866
4366
2482
4982
1241
3741
2491
4991
1562
4062
781
3281
390
2890
195
2695
97
2597
48
2548
24
2524
12
2512
6
2506
1256
3756
1262
3762
631
3131
1881
4381
1274
3774
637
3137
318
2818
1568
4068
1887
4387
943
3443
2193
4693
1298
3798
649
3149
324
2824
162
2662
1412
3912
1574
4074
787
3287
2037
4537
1899
4399
949
3449
474
2974
1724
4224
2199
4699
1099
3599
2349
4849
1347
3847
673
3173
336
2836
168
2668
84
2584
1334
3834
1418
3918
709
3209
1959
4459
1586
4086
793
3293
396
2896
1646
4146
2043
4543
1021
3521
2271
4771
1923
4423
961
3461
480
2980
240
2740
1490
3990
1730
4230
865
3365
2115
4615
2211
4711
1105
3605
552
3052
1802
4302
2355
4855
1177
3677
2427
4927
1445
3945
722
3222
361
2861
180
2680
90
2590
45
2545
1295
3795
1340
3840
670
3170
1920
4420
1430
3930
715
3215
357
2857
1607
4107
1965
4465
982
3482
2232
4732
1611
4111
805
3305
402
2902
201
2701
1451
3951
1652
4152
826
3326
2076
4576
2055
4555
1027
3527
513
3013
1763
4263
2277
4777
1138
3638
2388
4888
1972
4472
986
3486
493
2993
246
2746
123
2623
1373
3873
1496
3996
748
3248
1998
4498
1743
4243
871
3371
435
2935
1685
4185
2121
4621
1060
3560
2310
4810
2236
4736
1118
3618
559
3059
279
2779
1529
4029
1809
4309
904
3404
2154
4654
2368
4868
1184
3684
592
3092
1842
4342
2434
4934
1217
3717
2467
4967
1640
4140
820
3320
410
2910
205
2705
102
2602
51
2551
25
2525
1275
3775
1301
3801
650
3150
1900
4400
1352
3852
676
3176
338
2838
1588
4088
1926
4426
963
3463
2213
4713
1455
3955
727
3227
363
2863
181
2681
1431
3931
1613
4113
806
3306
2056
4556
1977
4477
988
3488
494
2994
1744
4244
2238
4738
1119
3619
2369
4869
1660
4160
830
3330
415
2915
207
2707
103
2603
1353
3853
1457
3957
728
3228
1978
4478
1665
4165
832
3332
416
2916
1666
4166
2082
4582
1041
3541
2291
4791
2080
4580
1040
3540
520
3020
260
2760
1510
4010
1770
4270
885
3385
2135
4635
2290
4790
1145
3645
572
3072
1822
4322
2395
4895
1197
3697
2447
4947
2070
4570
1035
3535
517
3017
258
2758
129
2629
64
2564
1314
3814
1379
3879
689
3189
1939
4439
1508
4008
754
3254
377
2877
1627
4127
2004
4504
1002
3502
2252
4752
1767
4267
883
3383
441
2941
220
2720
1470
3970
1691
4191
845
3345
2095
4595
2133
4633
1066
3566
533
3033
1783
4283
2316
4816
1158
3658
2408
4908
2285
4785
1142
3642
571
3071
285
2785
142
2642
1392
3892
1535
4035
767
3267
2017
4517
1821
4321
910
3410
455
2955
1705
4205
2160
4660
1080
3580
2330
4830
2392
4892
1196
3696
598
3098
299
2799
1549
4049
1848
4348
924
3424
2174
4674
2446
4946
1223
3723
611
3111
1861
4361
2473
4973
1236
3736
2486
4986
2031
4531
1015
3515
507
3007
253
2753
126
2626
63
2563
31
2531
15
2515
1265
3765
1281
3781
640
3140
1890
4390
1313
3813
656
3156
328
2828
1578
4078
1906
4406
953
3453
2203
4703
1376
3876
688
3188
344
2844
172
2672
1422
3922
1594
4094
797
3297
2047
4547
1938
4438
969
3469
484
2984
1734
4234
2219
4719
1109
3609
2359
4859
1503
4003
751
3251
375
2875
187
2687
93
2593
1343
3843
1437
3937
718
3218
1968
4468
1625
4125
812
3312
406
2906
1656
4156
2062
4562
1031
3531
2281
4781
2001
4501
1000
3500
500
3000
250
2750
1500
4000
1750
4250
875
3375
2125
4625
2250
4750
1125
3625
562
3062
1812
4312
2375
4875
1187
3687
2437
4937
1757
4257
878
3378
439
2939
219
2719
109
2609
54
2554
1304
3804
1359
3859
679
3179
1929
4429
1469
3969
734
3234
367
2867
1617
4117
1984
4484
992
3492
2242
4742
1689
4189
844
3344
422
2922
211
2711
1461
3961
1672
4172
836
3336
2086
4586
2094
4594
1047
3547
523
3023
1773
4273
2297
4797
1148
3648
2398
4898
2128
4628
1064
3564
532
3032
266
2766
133
2633
1383
3883
1516
4016
758
3258
2008
4508
1782
4282
891
3391
445
2945
1695
4195
2141
4641
1070
3570
2320
4820
2314
4814
1157
3657
578
3078
289
2789
1539
4039
1828
4328
914
3414
2164
4664
2407
4907
1203
3703
601
3101
1851
4351
2453
4953
1226
3726
2476
4976
2265
4765
1132
3632
566
3066
283
2783
141
2641
70
2570
35
2535
1285
3785
1320
3820
660
3160
1910
4410
1391
3891
695
3195
347
2847
1597
4097
1945
4445
972
3472
2222
4722
1533
4033
766
3266
383
2883
191
2691
1441
3941
1633
4133
816
3316
2066
4566
2016
4516
1008
3508
504
3004
1754
4254
2258
4758
1129
3629
2379
4879
1816
4316
908
3408
454
2954
227
2727
113
2613
1363
3863
1477
3977
738
3238
1988
4488
1704
4204
852
3352
426
2926
1676
4176
2102
4602
1051
3551
2301
4801
2158
4658
1079
3579
539
3039
269
2769
1519
4019
1789
4289
894
3394
2144
4644
2329
4829
1164
3664
582
3082
1832
4332
2414
4914
1207
3707
2457
4957
2382
4882
1191
3691
595
3095
297
2797
148
2648
74
2574
1324
3824
1398
3898
699
3199
1949
4449
1547
4047
773
3273
386
2886
1636
4136
2023
4523
1011
3511
2261
4761
1845
4345
922
3422
461
2961
230
2730
1480
3980
1711
4211
855
3355
2105
4605
2172
4672
1086
3586
543
3043
1793
4293
2336
4836
1168
3668
2418
4918
2441
4941
1220
3720
610
3110
305
2805
152
2652
1402
3902
1555
4055
777
3277
2027
4527
1860
4360
930
3430
465
2965
1715
4215
2180
4680
1090
3590
2340
4840
2470
4970
1235
3735
617
3117
308
2808
1558
4058
1867
4367
933
3433
2183
4683
2485
4985
1242
3742
621
3121
1871
4371
2492
4992
1246
3746
2496
4996
1875
4375
937
3437
468
2968
234
2734
117
2617
58
2558
29
2529
14
2514
7
2507
3
2503
1253
3753
1257
3757
628
3128
1878
4378
1264
3764
632
3132
316
2816
1566
4066
1882
4382
941
3441
2191
4691
1279
3779
639
3139
319
2819
159
2659
1409
3909
1569
4069
784
3284
2034
4534
1889
4389
944
3444
472
2972
1722
4222
2194
4694
1097
3597
2347
4847
1308
3808
654
3154
327
2827
163
2663
81
2581
1331
3831
1413
3913
706
3206
1956
4456
1577
4077
788
3288
394
2894
1644
4144
2038
4538
1019
3519
2269
4769
1904
4404
952
3452
476
2976
238
2738
1488
3988
1726
4226
863
3363
2113
4613
2202
4702
1101
3601
550
3050
1800
4300
2351
4851
1175
3675
2425
4925
1367
3867
683
3183
341
2841
170
2670
85
2585
42
2542
1292
3792
1335
3835
667
3167
1917
4417
1420
3920
710
3210
355
2855
1605
4105
1960
4460
980
3480
2230
4730
1591
4091
795
3295
397
2897
198
2698
1448
3948
1647
4147
823
3323
2073
4573
2045
4545
1022
3522
511
3011
1761
4261
2272
4772
1136
3636
2386
4886
1933
4433
966
3466
483
2983
241
2741
120
2620
1370
3870
1491
3991
745
3245
1995
4495
1733
4233
866
3366
433
2933
1683
4183
2116
4616
1058
3558
2308
4808
2216
4716
1108
3608
554
3054
277
2777
1527
4027
1804
4304
902
3402
2152
4652
2358
4858
1179
3679
589
3089
1839
4339
2429
4929
1214
3714
2464
4964
1484
3984
742
3242
371
2871
185
2685
92
2592
46
2546
23
2523
1273
3773
1296
3796
648
3148
1898
4398
1342
3842
671
3171
335
2835
1585
4085
1921
4421
960
3460
2210
4710
1435
3935
717
3217
358
2858
179
2679
1429
3929
1608
4108
804
3304
2054
4554
1967
4467
983
3483
491
2991
1741
4241
2233
4733
1116
3616
2366
4866
1621
4121
810
3310
405
2905
202
2702
101
2601
1351
3851
1452
3952
726
3226
1976
4476
1655
4155
827
3327
413
2913
1663
4163
2077
4577
1038
3538
2288
4788
2060
4560
1030
3530
515
3015
257
2757
1507
4007
1765
4265
882
3382
2132
4632
2280
4780
1140
3640
570
3070
1820
4320
2390
4890
1195
3695
2445
4945
1992
4492
996
3496
498
2998
249
2749
124
2624
62
2562
1312
3812
1374
3874
687
3187
1937
4437
1499
3999
749
3249
374
2874
1624
4124
1999
4499
999
3499
2249
4749
1748
4248
874
3374
437
2937
218
2718
1468
3968
1687
4187
843
3343
2093
4593
2124
4624
1062
3562
531
3031
1781
4281
2312
4812
1156
3656
2406
4906
2246
4746
1123
3623
561
3061
280
2780
140
2640
1390
3890
1530
4030
765
3265
2015
4515
1811
4311
905
3405
452
2952
1702
4202
2155
4655
1077
3577
2327
4827
2373
4873
1186
3686
593
3093
296
2796
1546
4046
1843
4343
921
3421
2171
4671
2436
4936
1218
3718
609
3109
1859
4359
2468
4968
1234
3734
2484
4984
1718
4218
859
3359
429
2929
214
2714
107
2607
53
2553
26
2526
13
2513
1263
3763
1276
3776
638
3138
1888
4388
1303
3803
651
3151
325
2825
1575
4075
1901
4401
950
3450
2200
4700
1357
3857
678
3178
339
2839
169
2669
1419
3919
1589
4089
794
3294
2044
4544
1928
4428
964
3464
482
2982
1732
4232
2214
4714
1107
3607
2357
4857
1464
3964
732
3232
366
2866
183
2683
91
2591
1341
3841
1433
3933
716
3216
1966
4466
1616
4116
808
3308
404
2904
1654
4154
2058
4558
1029
3529
2279
4779
1982
4482
991
3491
495
2995
247
2747
1497
3997
1745
4245
872
3372
2122
4622
2241
4741
1120
3620
560
3060
1810
4310
2370
4870
1185
3685
2435
4935
1679
4179
839
3339
419
2919
209
2709
104
2604
52
2552
1302
3802
1354
3854
677
3177
1927
4427
1459
3959
729
3229
364
2864
1614
4114
1979
4479
989
3489
2239
4739
1669
4169
834
3334
417
2917
208
2708
1458
3958
1667
4167
833
3333
2083
4583
2084
4584
1042
3542
521
3021
1771
4271
2292
4792
1146
3646
2396
4896
2089
4589
1044
3544
522
3022
261
2761
130
2630
1380
3880
1511
4011
755
3255
2005
4505
1772
4272
886
3386
443
2943
1693
4193
2136
4636
1068
3568
2318
4818
2294
4794
1147
3647
573
3073
286
2786
1536
4036
1823
4323
911
3411
2161
4661
2397
4897
1198
3698
599
3099
1849
4349
2448
4948
1224
3724
2474
4974
2109
4609
1054
3554
527
3027
263
2763
131
2631
65
2565
32
2532
1282
3782
1315
3815
657
3157
1907
4407
1381
3881
690
3190
345
2845
1595
4095
1940
4440
970
3470
2220
4720
1513
4013
756
3256
378
2878
189
2689
1439
3939
1628
4128
814
3314
2064
4564
2006
4506
1003
3503
501
3001
1751
4251
2253
4753
1126
3626
2376
4876
1777
4277
888
3388
444
2944
222
2722
111
2611
1361
3861
1472
3972
736
3236
1986
4486
1694
4194
847
3347
423
2923
1673
4173
2097
4597
1048
3548
2298
4798
2138
4638
1069
3569
534
3034
267
2767
1517
4017
1784
4284
892
3392
2142
4642
2319
4819
1159
3659
579
3079
1829
4329
2409
4909
1204
3704
2454
4954
2304
4804
1152
3652
576
3076
288
2788
144
2644
72
2572
1322
3822
1394
3894
697
3197
1947
4447
1538
4038
769
3269
384
2884
1634
4134
2019
4519
1009
3509
2259
4759
1826
4326
913
3413
456
2956
228
2728
1478
3978
1706
4206
853
3353
2103
4603
2163
4663
1081
3581
540
3040
1790
4290
2331
4831
1165
3665
2415
4915
2402
4902
1201
3701
600
3100
300
2800
150
2650
1400
3900
1550
4050
775
3275
2025
4525
1850
4350
925
3425
462
2962
1712
4212
2175
4675
1087
3587
2337
4837
2451
4951
1225
3725
612
3112
306
2806
1556
4056
1862
4362
931
3431
2181
4681
2475
4975
1237
3737
618
3118
1868
4368
2487
4987
1243
3743
2493
4993
2187
4687
1093
3593
546
3046
273
2773
136
2636
68
2568
34
2534
17
2517
8
2508
1258
3758
1267
3767
633
3133
1883
4383
1284
3784
642
3142
321
2821
1571
4071
1892
4392
946
3446
2196
4696
1318
3818
659
3159
329
2829
164
2664
1414
3914
1579
4079
789
3289
2039
4539
1909
4409
954
3454
477
2977
1727
4227
2204
4704
1102
3602
2352
4852
1386
3886
693
3193
346
2846
173
2673
86
2586
1336
3836
1423
3923
711
3211
1961
4461
1596
4096
798
3298
399
2899
1649
4149
2048
4548
1024
3524
2274
4774
1943
4443
971
3471
485
2985
242
2742
1492
3992
1735
4235
867
3367
2117
4617
2221
4721
1110
3610
555
3055
1805
4305
2360
4860
1180
3680
2430
4930
1523
4023
761
3261
380
2880
190
2690
95
2595
47
2547
1297
3797
1345
3845
672
3172
1922
4422
1440
3940
720
3220
360
2860
1610
4110
1970
4470
985
3485
2235
4735
1630
4130
815
3315
407
2907
203
2703
1453
3953
1657
4157
828
3328
2078
4578
2065
4565
1032
3532
516
3016
1766
4266
2282
4782
1141
3641
2391
4891
2011
4511
1005
3505
502
3002
251
2751
125
2625
1375
3875
1501
4001
750
3250
2000
4500
1752
4252
876
3376
438
2938
1688
4188
2126
4626
1063
3563
2313
4813
2255
4755
1127
3627
563
3063
281
2781
1531
4031
1813
4313
906
3406
2156
4656
2377
4877
1188
3688
594
3094
1844
4344
2438
4938
1219
3719
2469
4969
1796
4296
898
3398
449
2949
224
2724
112
2612
56
2556
28
2528
1278
3778
1306
3806
653
3153
1903
4403
1362
3862
681
3181
340
2840
1590
4090
1931
4431
965
3465
2215
4715
1474
3974
737
3237
368
2868
184
2684
1434
3934
1618
4118
809
3309
2059
4559
1987
4487
993
3493
496
2996
1746
4246
2243
4743
1121
3621
2371
4871
1699
4199
849
3349
424
2924
212
2712
106
2606
1356
3856
1462
3962
731
3231
1981
4481
1674
4174
837
3337
418
2918
1668
4168
2087
4587
1043
3543
2293
4793
2099
4599
1049
3549
524
3024
262
2762
1512
4012
1774
4274
887
3387
2137
4637
2299
4799
1149
3649
574
3074
1824
4324
2399
4899
1199
3699
2449
4949
2148
4648
1074
3574
537
3037
268
2768
134
2634
67
2567
1317
3817
1384
3884
692
3192
1942
4442
1518
4018
759
3259
379
2879
1629
4129
2009
4509
1004
3504
2254
4754
1787
4287
893
3393
446
2946
223
2723
1473
3973
1696
4196
848
3348
2098
4598
2143
4643
1071
3571
535
3035
1785
4285
2321
4821
1160
3660
2410
4910
2324
4824
1162
3662
581
3081
290
2790
145
2645
1395
3895
1540
4040
770
3270
2020
4520
1831
4331
915
3415
457
2957
1707
4207
2165
4665
1082
3582
2332
4832
2412
4912
1206
3706
603
3103
301
2801
1551
4051
1853
4353
926
3426
2176
4676
2456
4956
1228
3728
614
3114
1864
4364
2478
4978
1239
3739
2489
4989
2343
4843
1171
3671
585
3085
292
2792
146
2646
73
2573
36
2536
18
2518
1268
3768
1286
3786
643
3143
1893
4393
1323
3823
661
3161
330
2830
1580
4080
1911
4411
955
3455
2205
4705
1396
3896
698
3198
349
2849
174
2674
1424
3924
1599
4099
799
3299
2049
4549
1948
4448
974
3474
487
2987
1737
4237
2224
4724
1112
3612
2362
4862
1542
4042
771
3271
385
2885
192
2692
96
2596
1346
3846
1442
3942
721
3221
1971
4471
1635
4135
817
3317
408
2908
1658
4158
2067
4567
1033
3533
2283
4783
2021
4521
1010
3510
505
3005
252
2752
1502
4002
1755
4255
877
3377
2127
4627
2260
4760
1130
3630
565
3065
1815
4315
2380
4880
1190
3690
2440
4940
1835
4335
917
3417
458
2958
229
2729
114
2614
57
2557
1307
3807
1364
3864
682
3182
1932
4432
1479
3979
739
3239
369
2869
1619
4119
1989
4489
994
3494
2244
4744
1708
4208
854
3354
427
2927
213
2713
1463
3963
1677
4177
838
3338
2088
4588
2104
4604
1052
3552
526
3026
1776
4276
2302
4802
1151
3651
2401
4901
2167
4667
1083
3583
541
3041
270
2770
135
2635
1385
3885
1520
4020
760
3260
2010
4510
1791
4291
895
3395
447
2947
1697
4197
2145
4645
1072
3572
2322
4822
2333
4833
1166
3666
583
3083
291
2791
1541
4041
1833
4333
916
3416
2166
4666
2416
4916
1208
3708
604
3104
1854
4354
2458
4958
1229
3729
2479
4979
2421
4921
1210
3710
605
3105
302
2802
151
2651
75
2575
37
2537
1287
3787
1325
3825
662
3162
1912
4412
1401
3901
700
3200
350
2850
1600
4100
1950
4450
975
3475
2225
4725
1552
4052
776
3276
388
2888
194
2694
1444
3944
1638
4138
819
3319
2069
4569
2026
4526
1013
3513
506
3006
1756
4256
2263
4763
1131
3631
2381
4881
1855
4355
927
3427
463
2963
231
2731
115
2615
1365
3865
1481
3981
740
3240
1990
4490
1713
4213
856
3356
428
2928
1678
4178
2106
4606
1053
3553
2303
4803
2177
4677
1088
3588
544
3044
272
2772
1522
4022
1794
4294
897
3397
2147
4647
2338
4838
1169
3669
584
3084
1834
4334
2419
4919
1209
3709
2459
4959
2460
4960
1230
3730
615
3115
307
2807
153
2653
76
2576
1326
3826
1403
3903
701
3201
1951
4451
1557
4057
778
3278
389
2889
1639
4139
2028
4528
1014
3514
2264
4764
1865
4365
932
3432
466
2966
233
2733
1483
3983
1716
4216
858
3358
2108
4608
2182
4682
1091
3591
545
3045
1795
4295
2341
4841
1170
3670
2420
4920
2480
4980
1240
3740
620
3120
310
2810
155
2655
1405
3905
1560
4060
780
3280
2030
4530
1870
4370
935
3435
467
2967
1717
4217
2185
4685
1092
3592
2342
4842
2490
4990
1245
3745
622
3122
311
2811
1561
4061
1872
4372
936
3436
2186
4686
2495
4995
1247
3747
623
3123
1873
4373
2497
4997
1248
3748
2498
4998
