1
2
4
6
8
10
12
14
16
18
20
22
24
26
28
30
32
34
36
38
40
42
44
46
48
50
52
54
56
58
60
62
64
66
68
70
72
74
76
78
80
82
84
86
88
90
92
94
96
98
100
102
104
106
108
110
112
114
116
118
120
122
124
126
128
130
132
134
136
138
140
142
144
146
148
150
152
154
156
158
160
162
164
166
168
170
172
174
176
178
180
182
184
186
188
190
192
194
196
198
200
202
204
206
208
210
212
214
216
218
220
222
224
226
228
230
232
234
236
238
240
242
244
246
248
250
252
254
256
258
260
262
264
266
268
270
272
274
276
278
280
282
284
286
288
290
292
294
296
298
300
302
304
306
308
310
312
314
316
318
320
322
324
326
328
330
332
334
336
338
340
342
344
346
348
350
352
354
356
358
360
362
364
366
368
370
372
374
376
378
380
382
384
386
388
390
392
394
396
398
400
402
404
406
408
410
412
414
416
418
420
422
424
426
428
430
432
434
436
438
440
442
444
446
448
450
452
454
456
458
460
462
464
466
468
470
472
474
476
478
480
482
484
486
488
490
492
494
496
498
500
502
504
506
508
510
512
514
516
518
520
522
524
526
528
530
532
534
536
538
540
542
544
546
548
550
552
554
556
558
560
562
564
566
568
570
572
574
576
578
580
582
584
586
588
590
592
594
596
598
600
602
604
606
608
610
612
614
616
618
620
622
624
626
628
630
632
634
636
638
640
642
644
646
648
650
652
654
656
658
660
662
664
666
668
670
672
674
676
678
680
682
684
686
688
690
692
694
696
698
700
702
704
706
708
710
712
714
716
718
720
722
724
726
728
730
732
734
736
738
740
742
744
746
748
750
752
754
756
758
760
762
764
766
768
770
772
774
776
778
780
782
784
786
788
790
792
794
796
798
800
802
804
806
808
810
812
814
816
818
820
822
824
826
828
830
832
834
836
838
840
842
844
846
848
850
852
854
856
858
860
862
864
866
868
870
872
874
876
878
880
882
884
886
888
890
892
894
896
898
900
902
904
906
908
910
912
914
916
918
920
922
924
926
928
930
932
934
936
938
940
942
944
946
948
950
952
954
956
958
960
962
964
966
968
970
972
974
976
978
980
982
984
986
988
990
992
994
996
998
1000
1002
1004
1006
1008
1010
1012
1014
1016
1018
1020
1022
1024
1026
1028
1030
1032
1034
1036
1038
1040
1042
1044
1046
1048
1050
1052
1054
1056
1058
1060
1062
1064
1066
1068
1070
1072
1074
1076
1078
1080
1082
1084
1086
1088
1090
1092
1094
1096
1098
1100
1102
1104
1106
1108
1110
1112
1114
1116
1118
1120
1122
1124
1126
1128
1130
1132
1134
1136
1138
1140
1142
1144
1146
1148
1150
1152
1154
1156
1158
1160
1162
1164
1166
1168
1170
1172
1174
1176
1178
1180
1182
1184
1186
1188
1190
1192
1194
1196
1198
1200
1202
1204
1206
1208
1210
1212
1214
1216
1218
1220
1222
1224
1226
1228
1230
1232
1234
1236
1238
1240
1242
1244
1246
1248
1250
1252
1254
1256
1258
1260
1262
1264
1266
1268
1270
1272
1274
1276
1278
1280
1282
1284
1286
1288
1290
1292
1294
1296
1298
1300
1302
1304
1306
1308
1310
1312
1314
1316
1318
1320
1322
1324
1326
1328
1330
1332
1334
1336
1338
1340
1342
1344
1346
1348
1350
1352
1354
1356
1358
1360
1362
1364
1366
1368
1370
1372
1374
1376
1378
1380
1382
1384
1386
1388
1390
1392
1394
1396
1398
1400
1402
1404
1406
1408
1410
1412
1414
1416
1418
1420
1422
1424
1426
1428
1430
1432
1434
1436
1438
1440
1442
1444
1446
1448
1450
1452
1454
1456
1458
1460
1462
1464
1466
1468
1470
1472
1474
1476
1478
1480
1482
1484
1486
1488
1490
1492
1494
1496
1498
1500
1502
1504
1506
1508
1510
1512
1514
1516
1518
1520
1522
1524
1526
1528
1530
1532
1534
1536
1538
1540
1542
1544
1546
1548
1550
1552
1554
1556
1558
1560
1562
1564
1566
1568
1570
1572
1574
1576
1578
1580
1582
1584
1586
1588
1590
1592
1594
1596
1598
1600
1602
1604
1606
1608
1610
1612
1614
1616
1618
1620
1622
1624
1626
1628
1630
1632
1634
1636
1638
1640
1642
1644
1646
1648
1650
1652
1654
1656
1658
1660
1662
1664
1666
1668
1670
1672
1674
1676
1678
1680
1682
1684
1686
1688
1690
1692
1694
1696
1698
1700
1702
1704
1706
1708
1710
1712
1714
1716
1718
1720
1722
1724
1726
1728
1730
1732
1734
1736
1738
1740
1742
1744
1746
1748
1750
1752
1754
1756
1758
1760
1762
1764
1766
1768
1770
1772
1774
1776
1778
1780
1782
1784
1786
1788
1790
1792
1794
1796
1798
1800
1802
1804
1806
1808
1810
1812
1814
1816
1818
1820
1822
1824
1826
1828
1830
1832
1834
1836
1838
1840
1842
1844
1846
1848
1850
1852
1854
1856
1858
1860
1862
1864
1866
1868
1870
1872
1874
1876
1878
1880
1882
1884
1886
1888
1890
1892
1894
1896
1898
1900
1902
1904
1906
1908
1910
1912
1914
1916
1918
1920
1922
1924
1926
1928
1930
1932
1934
1936
1938
1940
1942
1944
1946
1948
1950
1952
1954
1956
1958
1960
1962
1964
1966
1968
1970
1972
1974
1976
1978
1980
1982
1984
1986
1988
1990
1992
1994
1996
1998
2000
2002
2004
2006
2008
2010
2012
2014
2016
2018
2020
2022
2024
2026
2028
2030
2032
2034
2036
2038
2040
2042
2044
2046
2048
2050
2052
2054
2056
2058
2060
2062
2064
2066
2068
2070
2072
2074
2076
2078
2080
2082
2084
2086
2088
2090
2092
2094
2096
2098
2100
2102
2104
2106
2108
2110
2112
2114
2116
2118
2120
2122
2124
2126
2128
2130
2132
2134
2136
2138
2140
2142
2144
2146
2148
2150
2152
2154
2156
2158
2160
2162
2164
2166
2168
2170
2172
2174
2176
2178
2180
2182
2184
2186
2188
2190
2192
2194
2196
2198
2200
2202
2204
2206
2208
2210
2212
2214
2216
2218
2220
2222
2224
2226
2228
2230
2232
2234
2236
2238
2240
2242
2244
2246
2248
2250
2252
2254
2256
2258
2260
2262
2264
2266
2268
2270
2272
2274
2276
2278
2280
2282
2284
2286
2288
2290
2292
2294
2296
2298
2300
2302
2304
2306
2308
2310
2312
2314
2316
2318
2320
2322
2324
2326
2328
2330
2332
2334
2336
2338
2340
2342
2344
2346
2348
2350
2352
2354
2356
2358
2360
2362
2364
2366
2368
2370
2372
2374
2376
2378
2380
2382
2384
2386
2388
2390
2392
2394
2396
2398
2400
2402
2404
2406
2408
2410
2412
2414
2416
2418
2420
2422
2424
2426
2428
2430
2432
2434
2436
2438
2440
2442
2444
2446
2448
2450
2452
2454
2456
2458
2460
2462
2464
2466
2468
2470
2472
2474
2476
2478
2480
2482
2484
2486
2488
2490
2492
2494
2496
2498
2500
2502
2504
2506
2508
2510
2512
2514
2516
2518
2520
2522
2524
2526
2528
2530
2532
2534
2536
2538
2540
2542
2544
2546
2548
2550
2552
2554
2556
2558
2560
2562
2564
2566
2568
2570
2572
2574
2576
2578
2580
2582
2584
2586
2588
2590
2592
2594
2596
2598
2600
2602
2604
2606
2608
2610
2612
2614
2616
2618
2620
2622
2624
2626
2628
2630
2632
2634
2636
2638
2640
2642
2644
2646
2648
2650
2652
2654
2656
2658
2660
2662
2664
2666
2668
2670
2672
2674
2676
2678
2680
2682
2684
2686
2688
2690
2692
2694
2696
2698
2700
2702
2704
2706
2708
2710
2712
2714
2716
2718
2720
2722
2724
2726
2728
2730
2732
2734
2736
2738
2740
2742
2744
2746
2748
2750
2752
2754
2756
2758
2760
2762
2764
2766
2768
2770
2772
2774
2776
2778
2780
2782
2784
2786
2788
2790
2792
2794
2796
2798
2800
2802
2804
2806
2808
2810
2812
2814
2816
2818
2820
2822
2824
2826
2828
2830
2832
2834
2836
2838
2840
2842
2844
2846
2848
2850
2852
2854
2856
2858
2860
2862
2864
2866
2868
2870
2872
2874
2876
2878
2880
2882
2884
2886
2888
2890
2892
2894
2896
2898
2900
2902
2904
2906
2908
2910
2912
2914
2916
2918
2920
2922
2924
2926
2928
2930
2932
2934
2936
2938
2940
2942
2944
2946
2948
2950
2952
2954
2956
2958
2960
2962
2964
2966
2968
2970
2972
2974
2976
2978
2980
2982
2984
2986
2988
2990
2992
2994
2996
2998
3000
3002
3004
3006
3008
3010
3012
3014
3016
3018
3020
3022
3024
3026
3028
3030
3032
3034
3036
3038
3040
3042
3044
3046
3048
3050
3052
3054
3056
3058
3060
3062
3064
3066
3068
3070
3072
3074
3076
3078
3080
3082
3084
3086
3088
3090
3092
3094
3096
3098
3100
3102
3104
3106
3108
3110
3112
3114
3116
3118
3120
3122
3124
3126
3128
3130
3132
3134
3136
3138
3140
3142
3144
3146
3148
3150
3152
3154
3156
3158
3160
3162
3164
3166
3168
3170
3172
3174
3176
3178
3180
3182
3184
3186
3188
3190
3192
3194
3196
3198
3200
3202
3204
3206
3208
3210
3212
3214
3216
3218
3220
3222
3224
3226
3228
3230
3232
3234
3236
3238
3240
3242
3244
3246
3248
3250
3252
3254
3256
3258
3260
3262
3264
3266
3268
3270
3272
3274
3276
3278
3280
3282
3284
3286
3288
3290
3292
3294
3296
3298
3300
3302
3304
3306
3308
3310
3312
3314
3316
3318
3320
3322
3324
3326
3328
3330
3332
3334
3336
3338
3340
3342
3344
3346
3348
3350
3352
3354
3356
3358
3360
3362
3364
3366
3368
3370
3372
3374
3376
3378
3380
3382
3384
3386
3388
3390
3392
3394
3396
3398
3400
3402
3404
3406
3408
3410
3412
3414
3416
3418
3420
3422
3424
3426
3428
3430
3432
3434
3436
3438
3440
3442
3444
3446
3448
3450
3452
3454
3456
3458
3460
3462
3464
3466
3468
3470
3472
3474
3476
3478
3480
3482
3484
3486
3488
3490
3492
3494
3496
3498
3500
3502
3504
3506
3508
3510
3512
3514
3516
3518
3520
3522
3524
3526
3528
3530
3532
3534
3536
3538
3540
3542
3544
3546
3548
3550
3552
3554
3556
3558
3560
3562
3564
3566
3568
3570
3572
3574
3576
3578
3580
3582
3584
3586
3588
3590
3592
3594
3596
3598
3600
3602
3604
3606
3608
3610
3612
3614
3616
3618
3620
3622
3624
3626
3628
3630
3632
3634
3636
3638
3640
3642
3644
3646
3648
3650
3652
3654
3656
3658
3660
3662
3664
3666
3668
3670
3672
3674
3676
3678
3680
3682
3684
3686
3688
3690
3692
3694
3696
3698
3700
3702
3704
3706
3708
3710
3712
3714
3716
3718
3720
3722
3724
3726
3728
3730
3732
3734
3736
3738
3740
3742
3744
3746
3748
3750
3752
3754
3756
3758
3760
3762
3764
3766
3768
3770
3772
3774
3776
3778
3780
3782
3784
3786
3788
3790
3792
3794
3796
3798
3800
3802
3804
3806
3808
3810
3812
3814
3816
3818
3820
3822
3824
3826
3828
3830
3832
3834
3836
3838
3840
3842
3844
3846
3848
3850
3852
3854
3856
3858
3860
3862
3864
3866
3868
3870
3872
3874
3876
3878
3880
3882
3884
3886
3888
3890
3892
3894
3896
3898
3900
3902
3904
3906
3908
3910
3912
3914
3916
3918
3920
3922
3924
3926
3928
3930
3932
3934
3936
3938
3940
3942
3944
3946
3948
3950
3952
3954
3956
3958
3960
3962
3964
3966
3968
3970
3972
3974
3976
3978
3980
3982
3984
3986
3988
3990
3992
3994
3996
3998
4000
4002
4004
4006
4008
4010
4012
4014
4016
4018
4020
4022
4024
4026
4028
4030
4032
4034
4036
4038
4040
4042
4044
4046
4048
4050
4052
4054
4056
4058
4060
4062
4064
4066
4068
4070
4072
4074
4076
4078
4080
4082
4084
4086
4088
4090
4092
4094
4095
4093
4091
4089
4087
4085
4083
4081
4079
4077
4075
4073
4071
4069
4067
4065
4063
4061
4059
4057
4055
4053
4051
4049
4047
4045
4043
4041
4039
4037
4035
4033
4031
4029
4027
4025
4023
4021
4019
4017
4015
4013
4011
4009
4007
4005
4003
4001
3999
3997
3995
3993
3991
3989
3987
3985
3983
3981
3979
3977
3975
3973
3971
3969
3967
3965
3963
3961
3959
3957
3955
3953
3951
3949
3947
3945
3943
3941
3939
3937
3935
3933
3931
3929
3927
3925
3923
3921
3919
3917
3915
3913
3911
3909
3907
3905
3903
3901
3899
3897
3895
3893
3891
3889
3887
3885
3883
3881
3879
3877
3875
3873
3871
3869
3867
3865
3863
3861
3859
3857
3855
3853
3851
3849
3847
3845
3843
3841
3839
3837
3835
3833
3831
3829
3827
3825
3823
3821
3819
3817
3815
3813
3811
3809
3807
3805
3803
3801
3799
3797
3795
3793
3791
3789
3787
3785
3783
3781
3779
3777
3775
3773
3771
3769
3767
3765
3763
3761
3759
3757
3755
3753
3751
3749
3747
3745
3743
3741
3739
3737
3735
3733
3731
3729
3727
3725
3723
3721
3719
3717
3715
3713
3711
3709
3707
3705
3703
3701
3699
3697
3695
3693
3691
3689
3687
3685
3683
3681
3679
3677
3675
3673
3671
3669
3667
3665
3663
3661
3659
3657
3655
3653
3651
3649
3647
3645
3643
3641
3639
3637
3635
3633
3631
3629
3627
3625
3623
3621
3619
3617
3615
3613
3611
3609
3607
3605
3603
3601
3599
3597
3595
3593
3591
3589
3587
3585
3583
3581
3579
3577
3575
3573
3571
3569
3567
3565
3563
3561
3559
3557
3555
3553
3551
3549
3547
3545
3543
3541
3539
3537
3535
3533
3531
3529
3527
3525
3523
3521
3519
3517
3515
3513
3511
3509
3507
3505
3503
3501
3499
3497
3495
3493
3491
3489
3487
3485
3483
3481
3479
3477
3475
3473
3471
3469
3467
3465
3463
3461
3459
3457
3455
3453
3451
3449
3447
3445
3443
3441
3439
3437
3435
3433
3431
3429
3427
3425
3423
3421
3419
3417
3415
3413
3411
3409
3407
3405
3403
3401
3399
3397
3395
3393
3391
3389
3387
3385
3383
3381
3379
3377
3375
3373
3371
3369
3367
3365
3363
3361
3359
3357
3355
3353
3351
3349
3347
3345
3343
3341
3339
3337
3335
3333
3331
3329
3327
3325
3323
3321
3319
3317
3315
3313
3311
3309
3307
3305
3303
3301
3299
3297
3295
3293
3291
3289
3287
3285
3283
3281
3279
3277
3275
3273
3271
3269
3267
3265
3263
3261
3259
3257
3255
3253
3251
3249
3247
3245
3243
3241
3239
3237
3235
3233
3231
3229
3227
3225
3223
3221
3219
3217
3215
3213
3211
3209
3207
3205
3203
3201
3199
3197
3195
3193
3191
3189
3187
3185
3183
3181
3179
3177
3175
3173
3171
3169
3167
3165
3163
3161
3159
3157
3155
3153
3151
3149
3147
3145
3143
3141
3139
3137
3135
3133
3131
3129
3127
3125
3123
3121
3119
3117
3115
3113
3111
3109
3107
3105
3103
3101
3099
3097
3095
3093
3091
3089
3087
3085
3083
3081
3079
3077
3075
3073
3071
3069
3067
3065
3063
3061
3059
3057
3055
3053
3051
3049
3047
3045
3043
3041
3039
3037
3035
3033
3031
3029
3027
3025
3023
3021
3019
3017
3015
3013
3011
3009
3007
3005
3003
3001
2999
2997
2995
2993
2991
2989
2987
2985
2983
2981
2979
2977
2975
2973
2971
2969
2967
2965
2963
2961
2959
2957
2955
2953
2951
2949
2947
2945
2943
2941
2939
2937
2935
2933
2931
2929
2927
2925
2923
2921
2919
2917
2915
2913
2911
2909
2907
2905
2903
2901
2899
2897
2895
2893
2891
2889
2887
2885
2883
2881
2879
2877
2875
2873
2871
2869
2867
2865
2863
2861
2859
2857
2855
2853
2851
2849
2847
2845
2843
2841
2839
2837
2835
2833
2831
2829
2827
2825
2823
2821
2819
2817
2815
2813
2811
2809
2807
2805
2803
2801
2799
2797
2795
2793
2791
2789
2787
2785
2783
2781
2779
2777
2775
2773
2771
2769
2767
2765
2763
2761
2759
2757
2755
2753
2751
2749
2747
2745
2743
2741
2739
2737
2735
2733
2731
2729
2727
2725
2723
2721
2719
2717
2715
2713
2711
2709
2707
2705
2703
2701
2699
2697
2695
2693
2691
2689
2687
2685
2683
2681
2679
2677
2675
2673
2671
2669
2667
2665
2663
2661
2659
2657
2655
2653
2651
2649
2647
2645
2643
2641
2639
2637
2635
2633
2631
2629
2627
2625
2623
2621
2619
2617
2615
2613
2611
2609
2607
2605
2603
2601
2599
2597
2595
2593
2591
2589
2587
2585
2583
2581
2579
2577
2575
2573
2571
2569
2567
2565
2563
2561
2559
2557
2555
2553
2551
2549
2547
2545
2543
2541
2539
2537
2535
2533
2531
2529
2527
2525
2523
2521
2519
2517
2515
2513
2511
2509
2507
2505
2503
2501
2499
2497
2495
2493
2491
2489
2487
2485
2483
2481
2479
2477
2475
2473
2471
2469
2467
2465
2463
2461
2459
2457
2455
2453
2451
2449
2447
2445
2443
2441
2439
2437
2435
2433
2431
2429
2427
2425
2423
2421
2419
2417
2415
2413
2411
2409
2407
2405
2403
2401
2399
2397
2395
2393
2391
2389
2387
2385
2383
2381
2379
2377
2375
2373
2371
2369
2367
2365
2363
2361
2359
2357
2355
2353
2351
2349
2347
2345
2343
2341
2339
2337
2335
2333
2331
2329
2327
2325
2323
2321
2319
2317
2315
2313
2311
2309
2307
2305
2303
2301
2299
2297
2295
2293
2291
2289
2287
2285
2283
2281
2279
2277
2275
2273
2271
2269
2267
2265
2263
2261
2259
2257
2255
2253
2251
2249
2247
2245
2243
2241
2239
2237
2235
2233
2231
2229
2227
2225
2223
2221
2219
2217
2215
2213
2211
2209
2207
2205
2203
2201
2199
2197
2195
2193
2191
2189
2187
2185
2183
2181
2179
2177
2175
2173
2171
2169
2167
2165
2163
2161
2159
2157
2155
2153
2151
2149
2147
2145
2143
2141
2139
2137
2135
2133
2131
2129
2127
2125
2123
2121
2119
2117
2115
2113
2111
2109
2107
2105
2103
2101
2099
2097
2095
2093
2091
2089
2087
2085
2083
2081
2079
2077
2075
2073
2071
2069
2067
2065
2063
2061
2059
2057
2055
2053
2051
2049
2047
2045
2043
2041
2039
2037
2035
2033
2031
2029
2027
2025
2023
2021
2019
2017
2015
2013
2011
2009
2007
2005
2003
2001
1999
1997
1995
1993
1991
1989
1987
1985
1983
1981
1979
1977
1975
1973
1971
1969
1967
1965
1963
1961
1959
1957
1955
1953
1951
1949
1947
1945
1943
1941
1939
1937
1935
1933
1931
1929
1927
1925
1923
1921
1919
1917
1915
1913
1911
1909
1907
1905
1903
1901
1899
1897
1895
1893
1891
1889
1887
1885
1883
1881
1879
1877
1875
1873
1871
1869
1867
1865
1863
1861
1859
1857
1855
1853
1851
1849
1847
1845
1843
1841
1839
1837
1835
1833
1831
1829
1827
1825
1823
1821
1819
1817
1815
1813
1811
1809
1807
1805
1803
1801
1799
1797
1795
1793
1791
1789
1787
1785
1783
1781
1779
1777
1775
1773
1771
1769
1767
1765
1763
1761
1759
1757
1755
1753
1751
1749
1747
1745
1743
1741
1739
1737
1735
1733
1731
1729
1727
1725
1723
1721
1719
1717
1715
1713
1711
1709
1707
1705
1703
1701
1699
1697
1695
1693
1691
1689
1687
1685
1683
1681
1679
1677
1675
1673
1671
1669
1667
1665
1663
1661
1659
1657
1655
1653
1651
1649
1647
1645
1643
1641
1639
1637
1635
1633
1631
1629
1627
1625
1623
1621
1619
1617
1615
1613
1611
1609
1607
1605
1603
1601
1599
1597
1595
1593
1591
1589
1587
1585
1583
1581
1579
1577
1575
1573
1571
1569
1567
1565
1563
1561
1559
1557
1555
1553
1551
1549
1547
1545
1543
1541
1539
1537
1535
1533
1531
1529
1527
1525
1523
1521
1519
1517
1515
1513
1511
1509
1507
1505
1503
1501
1499
1497
1495
1493
1491
1489
1487
1485
1483
1481
1479
1477
1475
1473
1471
1469
1467
1465
1463
1461
1459
1457
1455
1453
1451
1449
1447
1445
1443
1441
1439
1437
1435
1433
1431
1429
1427
1425
1423
1421
1419
1417
1415
1413
1411
1409
1407
1405
1403
1401
1399
1397
1395
1393
1391
1389
1387
1385
1383
1381
1379
1377
1375
1373
1371
1369
1367
1365
1363
1361
1359
1357
1355
1353
1351
1349
1347
1345
1343
1341
1339
1337
1335
1333
1331
1329
1327
1325
1323
1321
1319
1317
1315
1313
1311
1309
1307
1305
1303
1301
1299
1297
1295
1293
1291
1289
1287
1285
1283
1281
1279
1277
1275
1273
1271
1269
1267
1265
1263
1261
1259
1257
1255
1253
1251
1249
1247
1245
1243
1241
1239
1237
1235
1233
1231
1229
1227
1225
1223
1221
1219
1217
1215
1213
1211
1209
1207
1205
1203
1201
1199
1197
1195
1193
1191
1189
1187
1185
1183
1181
1179
1177
1175
1173
1171
1169
1167
1165
1163
1161
1159
1157
1155
1153
1151
1149
1147
1145
1143
1141
1139
1137
1135
1133
1131
1129
1127
1125
1123
1121
1119
1117
1115
1113
1111
1109
1107
1105
1103
1101
1099
1097
1095
1093
1091
1089
1087
1085
1083
1081
1079
1077
1075
1073
1071
1069
1067
1065
1063
1061
1059
1057
1055
1053
1051
1049
1047
1045
1043
1041
1039
1037
1035
1033
1031
1029
1027
1025
1023
1021
1019
1017
1015
1013
1011
1009
1007
1005
1003
1001
999
997
995
993
991
989
987
985
983
981
979
977
975
973
971
969
967
965
963
961
959
957
955
953
951
949
947
945
943
941
939
937
935
933
931
929
927
925
923
921
919
917
915
913
911
909
907
905
903
901
899
897
895
893
891
889
887
885
883
881
879
877
875
873
871
869
867
865
863
861
859
857
855
853
851
849
847
845
843
841
839
837
835
833
831
829
827
825
823
821
819
817
815
813
811
809
807
805
803
801
799
797
795
793
791
789
787
785
783
781
779
777
775
773
771
769
767
765
763
761
759
757
755
753
751
749
747
745
743
741
739
737
735
733
731
729
727
725
723
721
719
717
715
713
711
709
707
705
703
701
699
697
695
693
691
689
687
685
683
681
679
677
675
673
671
669
667
665
663
661
659
657
655
653
651
649
647
645
643
641
639
637
635
633
631
629
627
625
623
621
619
617
615
613
611
609
607
605
603
601
599
597
595
593
591
589
587
585
583
581
579
577
575
573
571
569
567
565
563
561
559
557
555
553
551
549
547
545
543
541
539
537
535
533
531
529
527
525
523
521
519
517
515
513
511
509
507
505
503
501
499
497
495
493
491
489
487
485
483
481
479
477
475
473
471
469
467
465
463
461
459
457
455
453
451
449
447
445
443
441
439
437
435
433
431
429
427
425
423
421
419
417
415
413
411
409
407
405
403
401
399
397
395
393
391
389
387
385
383
381
379
377
375
373
371
369
367
365
363
361
359
357
355
353
351
349
347
345
343
341
339
337
335
333
331
329
327
325
323
321
319
317
315
313
311
309
307
305
303
301
299
297
295
293
291
289
287
285
283
281
279
277
275
273
271
269
267
265
263
261
259
257
255
253
251
249
247
245
243
241
239
237
235
233
231
229
227
225
223
221
219
217
215
213
211
209
207
205
203
201
199
197
195
193
191
189
187
185
183
181
179
177
175
173
171
169
167
165
163
161
159
157
155
153
151
149
147
145
143
141
139
137
135
133
131
129
127
125
123
121
119
117
115
113
111
109
107
105
103
101
99
97
95
93
91
89
87
85
83
81
79
77
75
73
71
69
67
65
63
61
59
57
55
53
51
49
47
45
43
41
39
37
35
33
31
29
27
25
23
21
19
17
15
13
11
9
7
5
3
